	WT	WT	WT	"aRFP control"	"aRFP control"	"aRFP control"	ispD	ispD	ispD	ispG	ispG	ispG
0	0.00725	0.00725	0.02125	0.00625	0.00625	0.00725	0.00625	0.00625	0.01325	0.00625	0.00625	0.00525
0.166667	0.00725	0.00725	0.02025	0.00625	0.00625	0.00725	0.00625	0.00625	0.01225	0.00625	0.00625	0.00525
0.333333	0.008	0.008	0.022	0.008	0.008	0.009	0.007	0.007	0.014	0.007	0.008	0.007
0.5	0.00975	0.00975	0.02475	0.00975	0.00975	0.01075	0.00875	0.00775	0.01575	0.00875	0.00875	0.00775
0.666667	0.0125	0.0125	0.0305	0.0125	0.0125	0.0135	0.0095	0.0095	0.0195	0.0095	0.0105	0.0085
0.833333	0.0155	0.0165	0.0375	0.0155	0.0165	0.0165	0.0105	0.0115	0.0245	0.0115	0.0115	0.0105
1	0.0205	0.0215	0.0485	0.0195	0.0205	0.0215	0.0145	0.0145	0.0315	0.0135	0.0135	0.0125
1.166667	0.0275	0.0275	0.0615	0.0245	0.0255	0.0255	0.0175	0.0175	0.0395	0.0165	0.0165	0.0155
1.333333	0.03675	0.03675	0.08175	0.03075	0.03175	0.03275	0.02275	0.02175	0.05175	0.02075	0.02075	0.01975
1.5	0.04775	0.04875	0.12075	0.03975	0.04075	0.04075	0.02775	0.02775	0.06375	0.02475	0.02475	0.02375
1.666667	0.06575	0.06575	0.12775	0.04975	0.05075	0.04975	0.03375	0.03575	0.08675	0.02975	0.03075	0.02875
1.833333	0.08775	0.08975	0.16975	0.06275	0.06575	0.06275	0.04275	0.04475	0.11575	0.03675	0.03675	0.03575
2	0.10575	0.10475	0.19775	0.07975	0.08175	0.07975	0.04875	0.05275	0.13675	0.04375	0.04475	0.04275
2.166667	0.13175	0.13275	0.22175	0.10275	0.10375	0.10975	0.06075	0.06075	0.15275	0.05275	0.05275	0.05175
2.333333	0.15875	0.16475	0.24875	0.13075	0.13075	0.14075	0.07775	0.07475	0.16375	0.06275	0.06475	0.06275
2.5	0.18675	0.19275	0.26475	0.16075	0.15375	0.15675	0.11675	0.11075	0.18875	0.07675	0.07875	0.07975
2.666667	0.20575	0.21275	0.28875	0.18275	0.16975	0.17675	0.13475	0.13075	0.20575	0.09675	0.10475	0.11175
2.833333	0.21975	0.23275	0.30775	0.20175	0.19075	0.19375	0.15975	0.14775	0.22175	0.12175	0.13275	0.13575
3	0.23975	0.24975	0.32875	0.22275	0.20275	0.20475	0.16075	0.17075	0.22875	0.15375	0.15675	0.14875
3.166667	0.26075	0.27075	0.34475	0.24075	0.21375	0.20875	0.20075	0.19875	0.24375	0.16775	0.17875	0.15475
3.333333	0.27775	0.29075	0.36675	0.25875	0.23275	0.22075	0.21375	0.20975	0.25975	0.18375	0.19475	0.17275
3.5	0.29775	0.31075	0.39075	0.28375	0.24875	0.23575	0.22875	0.23175	0.28075	0.19575	0.20475	0.18775
3.666667	0.322	0.334	0.409	0.304	0.263	0.255	0.247	0.248	0.297	0.209	0.22	0.201
3.833333	0.344	0.355	0.43	0.327	0.289	0.284	0.274	0.27	0.318	0.222	0.226	0.211
4	0.369	0.379	0.461	0.352	0.303	0.309	0.294	0.29	0.34	0.236	0.243	0.232
4.166667	0.391	0.397	0.507	0.373	0.323	0.33	0.318	0.309	0.365	0.254	0.265	0.247
4.333333	0.418	0.424	0.568	0.395	0.344	0.38	0.33	0.331	0.385	0.272	0.286	0.268
4.5	0.442	0.452	0.625	0.425	0.364	0.376	0.365	0.356	0.417	0.297	0.315	0.289
4.666667	0.486	0.5	0.681	0.46	0.391	0.422	0.389	0.378	0.463	0.321	0.338	0.313
4.833333	0.552	0.564	0.736	0.521	0.434	0.504	0.414	0.405	0.513	0.341	0.358	0.337
5	0.619	0.625	0.782	0.595	0.483	0.568	0.443	0.439	0.573	0.366	0.382	0.368
5.166667	0.674	0.687	0.829	0.668	0.541	0.636	0.49	0.47	0.629	0.388	0.413	0.394
5.333333	0.737	0.738	0.876	0.735	0.603	0.682	0.543	0.526	0.682	0.417	0.457	0.431
5.5	0.782	0.783	0.913	0.802	0.662	0.767	0.601	0.588	0.731	0.445	0.511	0.474
5.666667	0.836	0.837	0.946	0.859	0.709	0.815	0.659	0.63	0.776	0.486	0.547	0.517
5.833333	0.88275	0.87775	0.98075	0.90575	0.75675	0.86975	0.71075	0.68675	0.82375	0.52475	0.59675	0.56675
6	0.924	0.921	1.012	0.958	0.799	0.918	0.764	0.747	0.862	0.569	0.648	0.63
6.166667	0.965	0.954	1.041	1.002	0.841	0.958	0.812	0.797	0.897	0.611	0.701	0.672
6.333333	0.993	0.987	1.067	1.043	0.881	1.014	0.855	0.842	0.935	0.65	0.747	0.723
6.5	1.014	1.016	1.093	1.082	0.916	1.025	0.895	0.881	0.964	0.706	0.789	0.77
6.666667	1.04275	1.04275	1.11475	1.11375	0.95275	1.06975	0.93275	0.91875	0.99175	0.74775	0.83075	0.81575
6.833333	1.069	1.061	1.142	1.143	0.979	1.088	0.969	0.953	1.019	0.788	0.87	0.859
7	1.096	1.086	1.17	1.173	1.012	1.117	1.001	0.984	1.053	0.824	0.905	0.892
7.166667	1.12	1.107	1.189	1.199	1.035	1.118	1.033	1.013	1.076	0.858	0.939	0.917
7.333333	1.139	1.132	1.213	1.223	1.061	1.165	1.06	1.04	1.102	0.888	0.97	0.939
7.5	1.154	1.153	1.233	1.246	1.085	1.18	1.088	1.066	1.127	0.919	0.997	0.98
7.666667	1.177	1.172	1.255	1.267	1.104	1.201	1.114	1.089	1.147	0.947	1.02	0.999
7.833333	1.211	1.192	1.28	1.287	1.133	1.218	1.141	1.11	1.166	0.972	1.045	1.03
8	1.223	1.208	1.3	1.318	1.15	1.231	1.161	1.132	1.197	0.997	1.071	1.038
8.166667	1.243	1.229	1.318	1.329	1.172	1.258	1.184	1.155	1.208	1.023	1.094	1.076
8.333333	1.261	1.25	1.336	1.354	1.194	1.284	1.207	1.172	1.224	1.046	1.119	1.107
8.5	1.27875	1.26575	1.34775	1.36475	1.21675	1.29775	1.22775	1.19175	1.24675	1.08075	1.14475	1.10275
8.666667	1.295	1.28	1.363	1.378	1.228	1.32	1.247	1.215	1.277	1.097	1.159	1.122
8.833333	1.312	1.303	1.379	1.383	1.239	1.324	1.26	1.236	1.286	1.116	1.177	1.165
9	1.3275	1.3175	1.3935	1.4005	1.2715	1.3425	1.2795	1.2575	1.3005	1.1445	1.2045	1.1905
9.166667	1.3615	1.3435	1.4075	1.4205	1.2875	1.3635	1.2995	1.2705	1.3295	1.1835	1.2185	1.1685
9.333333	1.3685	1.3495	1.4175	1.4335	1.3095	1.3765	1.3095	1.2895	1.3445	1.1805	1.2395	1.2215
9.5	1.384	1.371	1.434	1.448	1.323	1.393	1.328	1.313	1.36	1.204	1.263	1.226
9.666667	1.39375	1.38775	1.44775	1.46075	1.32375	1.40875	1.34375	1.32775	1.38575	1.21775	1.28575	1.23875
9.833333	1.415	1.404	1.461	1.479	1.368	1.425	1.364	1.342	1.402	1.242	1.295	1.251
10	1.4355	1.4115	1.4685	1.4885	1.3775	1.4355	1.3795	1.3585	1.4185	1.2555	1.3085	1.2845
10.16667	1.4475	1.4275	1.4805	1.4985	1.3725	1.4585	1.3965	1.3745	1.4325	1.2655	1.3375	1.3025
10.33333	1.464	1.439	1.497	1.507	1.387	1.481	1.408	1.381	1.451	1.279	1.347	1.322
10.5	1.47175	1.44875	1.49775	1.51775	1.40275	1.48375	1.42275	1.39675	1.46675	1.29775	1.36175	1.33575
10.66667	1.47975	1.45775	1.50775	1.52475	1.41575	1.49275	1.43475	1.40675	1.47975	1.31075	1.37975	1.34275
10.83333	1.4845	1.4685	1.5195	1.5355	1.4305	1.5025	1.4445	1.4245	1.4925	1.3265	1.3875	1.3635
11	1.49475	1.47875	1.52575	1.54475	1.44175	1.50975	1.45875	1.44175	1.49975	1.33775	1.40075	1.37475
11.16667	1.50575	1.49075	1.53275	1.55375	1.45775	1.51675	1.47075	1.45675	1.50475	1.35075	1.41075	1.38475
11.33333	1.51475	1.49775	1.53875	1.56175	1.46975	1.52975	1.48175	1.46475	1.51975	1.37175	1.42375	1.39675
11.5	1.5245	1.5055	1.5605	1.5675	1.4795	1.5375	1.4945	1.4655	1.5235	1.3835	1.4375	1.4135
11.66667	1.534	1.517	1.566	1.57	1.489	1.545	1.5	1.478	1.536	1.4	1.441	1.414
11.83333	1.54475	1.52475	1.56775	1.58175	1.50175	1.55875	1.51175	1.50975	1.54875	1.41075	1.45475	1.43275
12	1.55175	1.53175	1.57675	1.58575	1.50875	1.56875	1.51975	1.51575	1.55775	1.41975	1.46975	1.44475
12.16667	1.56375	1.53975	1.58175	1.59775	1.51775	1.57975	1.52575	1.52775	1.56175	1.43375	1.47775	1.45475
12.33333	1.56175	1.54875	1.59375	1.59875	1.52275	1.58275	1.52675	1.52775	1.57175	1.43775	1.49075	1.46575
12.5	1.5705	1.5535	1.5975	1.6055	1.5305	1.5885	1.5285	1.5375	1.5745	1.4545	1.4985	1.4685
12.66667	1.581	1.56	1.601	1.611	1.541	1.596	1.536	1.546	1.585	1.467	1.52	1.475
12.83333	1.587	1.567	1.603	1.624	1.552	1.599	1.542	1.557	1.593	1.483	1.514	1.486
13	1.58975	1.57375	1.61075	1.62175	1.55675	1.60275	1.54175	1.56075	1.60275	1.48875	1.52775	1.49175
13.16667	1.59175	1.57875	1.61275	1.62575	1.56275	1.60675	1.54675	1.56775	1.60875	1.50275	1.52075	1.50275
13.33333	1.59375	1.58575	1.61675	1.62075	1.57675	1.60875	1.54975	1.57375	1.61475	1.51175	1.54975	1.50775
13.5	1.5985	1.5925	1.6225	1.6225	1.5845	1.6145	1.5545	1.5785	1.6275	1.5195	1.5465	1.5185
13.66667	1.60775	1.59575	1.62675	1.62575	1.59075	1.61175	1.55775	1.58375	1.63475	1.52875	1.55175	1.52575
13.83333	1.6065	1.6015	1.6295	1.6315	1.5965	1.6095	1.5635	1.5935	1.6275	1.5435	1.5545	1.5375
14	1.60775	1.60675	1.63475	1.62875	1.60475	1.60875	1.56375	1.59575	1.63275	1.54475	1.56375	1.53975
14.16667	1.6115	1.6095	1.6405	1.6325	1.6105	1.6085	1.5715	1.6025	1.6365	1.5565	1.5695	1.5355
14.33333	1.6175	1.6155	1.6355	1.6405	1.6115	1.6055	1.5835	1.6115	1.6415	1.5675	1.5725	1.5295
14.5	1.6205	1.6185	1.6385	1.6455	1.6185	1.6005	1.5825	1.6165	1.6425	1.5735	1.5795	1.5475
14.66667	1.62375	1.62075	1.64275	1.63675	1.62875	1.59375	1.58475	1.61875	1.64175	1.58175	1.58575	1.55175
14.83333	1.6225	1.6245	1.6435	1.6325	1.6305	1.5875	1.5865	1.6255	1.6455	1.5865	1.5905	1.5565
15	1.62475	1.62475	1.64375	1.63675	1.63475	1.58375	1.58975	1.62775	1.64375	1.59175	1.59775	1.55375
15.16667	1.62475	1.62775	1.64275	1.62775	1.63975	1.57775	1.59175	1.63575	1.64875	1.60075	1.59975	1.56275
15.33333	1.6215	1.6295	1.6425	1.6365	1.6445	1.5695	1.5945	1.6395	1.6525	1.6055	1.6005	1.5745
15.5	1.6235	1.6285	1.6475	1.6165	1.6515	1.5595	1.5935	1.6455	1.6465	1.6035	1.6085	1.5725
15.66667	1.6235	1.6285	1.6435	1.6115	1.6585	1.5465	1.5915	1.6465	1.6465	1.6105	1.6115	1.5755
15.83333	1.62075	1.62875	1.64775	1.60575	1.65775	1.53975	1.59575	1.65075	1.64475	1.61475	1.61775	1.57675
16	1.6225	1.6265	1.6415	1.6005	1.6595	1.5275	1.5985	1.6525	1.6495	1.6205	1.6165	1.5735
16.16667	1.61975	1.62775	1.64175	1.58775	1.66475	1.51775	1.59475	1.65675	1.64375	1.61875	1.61875	1.56475
16.33333	1.61475	1.62475	1.64175	1.58075	1.66875	1.50675	1.59175	1.65975	1.64075	1.62475	1.61975	1.57175
16.5	1.61575	1.62075	1.64175	1.57475	1.67075	1.49775	1.59075	1.65775	1.63675	1.62775	1.62075	1.56975
16.66667	1.6155	1.6195	1.6405	1.5705	1.6695	1.4895	1.5875	1.6575	1.6285	1.6275	1.6205	1.5665
16.83333	1.6165	1.6145	1.6335	1.5645	1.6675	1.4815	1.5885	1.6515	1.6335	1.6335	1.6225	1.5645
17	1.60875	1.61575	1.63475	1.54775	1.67275	1.47475	1.58275	1.65475	1.62575	1.63275	1.62375	1.56275
17.16667	1.60475	1.61175	1.63075	1.53975	1.67275	1.46575	1.57775	1.65275	1.62075	1.63575	1.62275	1.56575
17.33333	1.6015	1.6055	1.6275	1.5315	1.6725	1.4555	1.5745	1.6505	1.6165	1.6375	1.6205	1.5605
17.5	1.5975	1.6035	1.6175	1.5235	1.6675	1.4515	1.5735	1.6395	1.6175	1.6425	1.6195	1.5585
17.66667	1.5905	1.5975	1.6165	1.5095	1.6715	1.4395	1.5685	1.6385	1.6095	1.6415	1.6175	1.5555
17.83333	1.5875	1.5965	1.6115	1.4975	1.6675	1.4315	1.5645	1.6355	1.6015	1.6425	1.6175	1.5515
18	1.5805	1.5925	1.6055	1.4855	1.6635	1.4245	1.5635	1.6265	1.6045	1.6435	1.6165	1.5515
18.16667	1.5735	1.5845	1.6025	1.4805	1.6595	1.4145	1.5555	1.6225	1.5935	1.6465	1.6145	1.5485
18.33333	1.5695	1.5805	1.6005	1.4675	1.6615	1.4025	1.5505	1.6155	1.5875	1.6475	1.6105	1.5465
18.5	1.5625	1.5755	1.5915	1.4615	1.6605	1.3915	1.5475	1.6125	1.5835	1.6465	1.6085	1.5435
18.66667	1.5605	1.5705	1.5865	1.4565	1.6535	1.3855	1.5395	1.6145	1.5725	1.6475	1.6045	1.5435
18.83333	1.5555	1.5665	1.5815	1.4415	1.6535	1.3815	1.5335	1.6045	1.5715	1.6515	1.5995	1.5425
19	1.5515	1.5625	1.5775	1.4345	1.6505	1.3745	1.5305	1.5975	1.5715	1.6545	1.5975	1.5405