	5-P1	5-P1	5-P1	5-P2	5-P2	5-P2	5-P3	5-P3	5-P3	12-P1	12-P1	12-P1	12-P2	12-P2	12-P2	12-P3	12-P3	12-P3	"Mci Control"	"Mci Control"	"Mci Control"
0	0.011667	0.011667	0.010667	0.015667	0.023667	0.015667	0.014667	0.021667	0.017667	0.023667	0.026667	0.025667	0.032667	0.022667	0.023667	0.011667	0.011667	0.020667	0.025667	0.030667	0.024667
0.166667	0.013333	0.011333	0.012333	0.014333	0.025333	0.016333	0.017333	0.021333	0.016333	0.025333	0.028333	0.024333	0.032333	0.027333	0.026333	0.012333	0.011333	0.021333	0.024333	0.028333	0.022333
0.333333	0.014333	0.014333	0.013333	0.013333	0.024333	0.015333	0.017333	0.021333	0.016333	0.025333	0.023333	0.022333	0.027333	0.025333	0.026333	0.014333	0.013333	0.023333	0.020333	0.025333	0.020333
0.5	0.019333	0.016333	0.017333	0.014333	0.025333	0.016333	0.015333	0.023333	0.017333	0.027333	0.026333	0.021333	0.030333	0.026333	0.026333	0.016333	0.016333	0.029333	0.021333	0.026333	0.022333
0.666667	0.024333	0.020333	0.019333	0.015333	0.027333	0.015333	0.018333	0.021333	0.018333	0.022333	0.023333	0.023333	0.030333	0.025333	0.026333	0.021333	0.018333	0.033333	0.020333	0.027333	0.022333
0.833333	0.025333	0.024333	0.024333	0.019333	0.030333	0.019333	0.017333	0.023333	0.020333	0.027333	0.022333	0.026333	0.035333	0.030333	0.029333	0.027333	0.023333	0.038333	0.023333	0.030333	0.028333
1	0.030333	0.029333	0.029333	0.023333	0.034333	0.022333	0.023333	0.026333	0.023333	0.029333	0.022333	0.021333	0.039333	0.030333	0.032333	0.027333	0.026333	0.042333	0.026333	0.034333	0.032333
1.166667	0.037333	0.035333	0.036333	0.028333	0.040333	0.027333	0.026333	0.030333	0.027333	0.036333	0.027333	0.032333	0.044333	0.038333	0.037333	0.036333	0.037333	0.051333	0.031333	0.039333	0.039333
1.333333	0.045	0.043	0.047	0.035	0.043	0.034	0.029	0.038	0.032	0.036	0.03	0.031	0.053	0.04	0.038	0.043	0.042	0.058	0.038	0.043	0.047
1.5	0.054333	0.052333	0.055333	0.043333	0.047333	0.042333	0.041333	0.046333	0.041333	0.041333	0.036333	0.036333	0.065333	0.049333	0.049333	0.047333	0.047333	0.062333	0.046333	0.060333	0.056333
1.666667	0.065667	0.063667	0.064667	0.055667	0.058667	0.051667	0.044667	0.055667	0.047667	0.048667	0.044667	0.056667	0.086667	0.063667	0.057667	0.053667	0.058667	0.072667	0.069667	0.065667	0.075667
1.833333	0.084333	0.080333	0.082333	0.065333	0.071333	0.064333	0.055333	0.067333	0.058333	0.063333	0.062333	0.062333	0.101333	0.094333	0.083333	0.068333	0.072333	0.083333	0.099333	0.078333	0.094333
2	0.112	0.105	0.115	0.084	0.085	0.08	0.066	0.077	0.07	0.077	0.101	0.084	0.11	0.106	0.117	0.083	0.088	0.098	0.136	0.089	0.115
2.166667	0.142	0.145	0.15	0.113	0.126	0.108	0.085	0.085	0.088	0.111	0.121	0.108	0.144	0.141	0.15	0.098	0.112	0.122	0.183	0.162	0.122
2.333333	0.164	0.173	0.176	0.155	0.153	0.164	0.112	0.116	0.112	0.103	0.129	0.126	0.154	0.159	0.132	0.13	0.127	0.147	0.185	0.199	0.144
2.5	0.178	0.209	0.189	0.183	0.183	0.179	0.15	0.153	0.137	0.125	0.137	0.155	0.182	0.186	0.16	0.187	0.135	0.188	0.207	0.222	0.186
2.666667	0.203333	0.227333	0.213333	0.197333	0.208333	0.211333	0.175333	0.171333	0.149333	0.145333	0.165333	0.173333	0.191333	0.201333	0.167333	0.215333	0.157333	0.214333	0.226333	0.235333	0.211333
2.833333	0.231	0.256	0.237	0.217	0.236	0.246	0.172	0.181	0.168	0.159	0.195	0.191	0.237	0.238	0.21	0.226	0.186	0.25	0.244	0.242	0.23
3	0.244333	0.291333	0.259333	0.250333	0.254333	0.276333	0.201333	0.196333	0.196333	0.189333	0.217333	0.188333	0.246333	0.255333	0.215333	0.264333	0.195333	0.271333	0.247333	0.236333	0.237333
3.166667	0.26	0.345	0.272	0.262	0.276	0.296	0.197	0.223	0.223	0.196	0.212	0.214	0.26	0.248	0.231	0.247	0.237	0.258	0.258	0.257	0.258
3.333333	0.262	0.365	0.307	0.28	0.293	0.292	0.214	0.229	0.23	0.193	0.264	0.222	0.296	0.274	0.239	0.275	0.259	0.282	0.283	0.274	0.281
3.5	0.273333	0.402333	0.328333	0.298333	0.318333	0.310333	0.225333	0.247333	0.245333	0.223333	0.292333	0.231333	0.309333	0.270333	0.254333	0.264333	0.246333	0.300333	0.294333	0.294333	0.295333
3.666667	0.28	0.424	0.343	0.319	0.333	0.368	0.251	0.27	0.277	0.216	0.295	0.243	0.327	0.301	0.281	0.299	0.299	0.326	0.33	0.322	0.327
3.833333	0.286	0.434	0.36	0.346	0.361	0.405	0.29	0.292	0.298	0.238	0.321	0.269	0.355	0.356	0.322	0.338	0.322	0.328	0.359	0.347	0.344
4	0.308333	0.458333	0.394333	0.383333	0.398333	0.436333	0.303333	0.318333	0.310333	0.250333	0.332333	0.298333	0.387333	0.377333	0.381333	0.366333	0.346333	0.380333	0.398333	0.383333	0.380333
4.166667	0.324333	0.495333	0.416333	0.414333	0.432333	0.469333	0.327333	0.350333	0.334333	0.263333	0.385333	0.343333	0.417333	0.398333	0.402333	0.392333	0.389333	0.393333	0.437333	0.409333	0.405333
4.333333	0.338333	0.503333	0.444333	0.438333	0.462333	0.502333	0.354333	0.376333	0.363333	0.291333	0.424333	0.357333	0.445333	0.449333	0.429333	0.415333	0.418333	0.421333	0.470333	0.460333	0.436333
4.5	0.361333	0.537333	0.488333	0.482333	0.492333	0.534333	0.385333	0.408333	0.394333	0.315333	0.456333	0.380333	0.475333	0.482333	0.476333	0.440333	0.436333	0.443333	0.515333	0.517333	0.479333
4.666667	0.401333	0.562333	0.516333	0.511333	0.521333	0.538333	0.412333	0.412333	0.422333	0.328333	0.477333	0.429333	0.524333	0.539333	0.527333	0.476333	0.462333	0.469333	0.586333	0.579333	0.542333
4.833333	0.439	0.618	0.563	0.544	0.555	0.551	0.431	0.439	0.458	0.342	0.53	0.476	0.585	0.599	0.586	0.517	0.502	0.515	0.654	0.626	0.631
5	0.494333	0.676333	0.628333	0.592333	0.619333	0.595333	0.451333	0.478333	0.493333	0.374333	0.568333	0.532333	0.646333	0.646333	0.652333	0.570333	0.543333	0.573333	0.760333	0.676333	0.695333
5.166667	0.526333	0.712333	0.675333	0.643333	0.651333	0.625333	0.476333	0.523333	0.531333	0.392333	0.642333	0.604333	0.714333	0.717333	0.701333	0.617333	0.607333	0.628333	0.802333	0.737333	0.755333
5.333333	0.569	0.785	0.728	0.686	0.702	0.696	0.504	0.584	0.574	0.436	0.69	0.668	0.77	0.765	0.757	0.671	0.659	0.686	0.863	0.788	0.817
5.5	0.605333	0.837333	0.771333	0.736333	0.760333	0.736333	0.533333	0.646333	0.614333	0.500333	0.756333	0.727333	0.833333	0.822333	0.802333	0.741333	0.717333	0.755333	0.919333	0.835333	0.866333
5.666667	0.654	0.888	0.831	0.789	0.827	0.794	0.559	0.703	0.668	0.548	0.812	0.799	0.882	0.874	0.879	0.794	0.755	0.79	0.987	0.901	0.903
5.833333	0.708333	0.966333	0.868333	0.839333	0.875333	0.858333	0.604333	0.734333	0.714333	0.581333	0.864333	0.845333	0.929333	0.928333	0.922333	0.833333	0.809333	0.841333	1.032333	0.941333	0.951333
6	0.764333	1.001333	0.925333	0.886333	0.934333	0.908333	0.645333	0.797333	0.774333	0.591333	0.908333	0.900333	0.963333	0.959333	0.971333	0.889333	0.855333	0.902333	1.060333	0.978333	0.989333
6.166667	0.782333	1.013333	0.959333	0.929333	0.969333	0.960333	0.682333	0.849333	0.817333	0.614333	0.947333	0.938333	1.015333	1.000333	1.005333	0.922333	0.903333	0.937333	1.124333	1.009333	1.021333
6.333333	0.829	1.044	1.006	0.967	1.003	0.976	0.731	0.894	0.865	0.704	0.992	1.002	1.047	1.051	1.042	0.977	0.94	0.977	1.149	1.061	1.051
6.5	0.874333	1.090333	1.029333	1.006333	1.037333	1.018333	0.781333	0.935333	0.897333	0.735333	1.035333	1.039333	1.071333	1.083333	1.074333	1.016333	0.979333	1.016333	1.162333	1.080333	1.080333
6.666667	0.958333	1.148333	1.066333	1.044333	1.075333	1.065333	0.828333	0.996333	0.923333	0.800333	1.063333	1.067333	1.103333	1.113333	1.105333	1.038333	1.014333	1.060333	1.195333	1.109333	1.110333
6.833333	0.983333	1.161333	1.090333	1.075333	1.105333	1.094333	0.868333	1.028333	0.991333	0.820333	1.091333	1.105333	1.122333	1.123333	1.126333	1.084333	1.053333	1.090333	1.218333	1.143333	1.136333
7	1.035333	1.192333	1.135333	1.109333	1.134333	1.126333	0.907333	1.057333	1.032333	0.867333	1.128333	1.142333	1.166333	1.161333	1.161333	1.119333	1.077333	1.121333	1.237333	1.175333	1.163333
7.166667	1.044	1.208	1.159	1.14	1.157	1.153	0.974	1.093	1.053	0.904	1.16	1.162	1.191	1.191	1.19	1.137	1.114	1.143	1.251	1.186	1.186
7.333333	1.080333	1.223333	1.185333	1.168333	1.184333	1.180333	1.024333	1.128333	1.077333	0.937333	1.182333	1.179333	1.199333	1.208333	1.218333	1.169333	1.135333	1.180333	1.290333	1.222333	1.205333
7.5	1.124333	1.246333	1.210333	1.195333	1.209333	1.207333	1.029333	1.155333	1.099333	0.968333	1.213333	1.196333	1.233333	1.234333	1.253333	1.203333	1.166333	1.205333	1.307333	1.246333	1.225333
7.666667	1.162	1.274	1.237	1.217	1.238	1.23	1.084	1.202	1.143	0.998	1.236	1.217	1.254	1.252	1.269	1.226	1.189	1.233	1.337	1.266	1.243
7.833333	1.189333	1.289333	1.267333	1.234333	1.260333	1.259333	1.109333	1.212333	1.165333	1.030333	1.264333	1.239333	1.273333	1.280333	1.292333	1.250333	1.213333	1.260333	1.358333	1.287333	1.260333
8	1.203333	1.310333	1.284333	1.258333	1.283333	1.292333	1.127333	1.238333	1.184333	1.058333	1.287333	1.258333	1.293333	1.301333	1.317333	1.278333	1.245333	1.282333	1.375333	1.308333	1.284333
8.166667	1.201	1.329	1.304	1.282	1.308	1.312	1.146	1.274	1.216	1.096	1.309	1.28	1.297	1.323	1.333	1.297	1.271	1.303	1.393	1.327	1.301
8.333333	1.223	1.354	1.319	1.297	1.321	1.322	1.188	1.286	1.243	1.114	1.329	1.297	1.326	1.34	1.354	1.314	1.292	1.327	1.41	1.346	1.32
8.5	1.261333	1.373333	1.341333	1.320333	1.344333	1.346333	1.185333	1.305333	1.265333	1.145333	1.347333	1.315333	1.342333	1.361333	1.374333	1.337333	1.311333	1.352333	1.429333	1.365333	1.338333
8.666667	1.277333	1.381333	1.357333	1.342333	1.363333	1.366333	1.231333	1.324333	1.290333	1.182333	1.365333	1.337333	1.368333	1.375333	1.390333	1.363333	1.332333	1.369333	1.450333	1.382333	1.363333
8.833333	1.300333	1.401333	1.372333	1.358333	1.379333	1.384333	1.242333	1.331333	1.301333	1.199333	1.387333	1.354333	1.374333	1.395333	1.408333	1.381333	1.348333	1.389333	1.460333	1.403333	1.376333
9	1.308	1.411	1.39	1.375	1.397	1.399	1.263	1.362	1.326	1.213	1.405	1.371	1.393	1.412	1.425	1.399	1.364	1.409	1.473	1.419	1.395
9.166667	1.325333	1.427333	1.409333	1.388333	1.412333	1.409333	1.277333	1.393333	1.344333	1.238333	1.419333	1.384333	1.415333	1.423333	1.441333	1.412333	1.382333	1.424333	1.484333	1.432333	1.415333
9.333333	1.340333	1.446333	1.433333	1.401333	1.420333	1.425333	1.299333	1.386333	1.362333	1.262333	1.436333	1.402333	1.431333	1.441333	1.455333	1.432333	1.400333	1.441333	1.505333	1.450333	1.427333
9.5	1.358	1.463	1.458	1.417	1.428	1.437	1.312	1.413	1.378	1.287	1.45	1.419	1.444	1.454	1.471	1.446	1.414	1.454	1.523	1.466	1.441
9.666667	1.367	1.482	1.467	1.427	1.443	1.451	1.318	1.423	1.396	1.307	1.465	1.431	1.456	1.467	1.484	1.462	1.43	1.466	1.53	1.481	1.458
9.833333	1.387333	1.489333	1.484333	1.444333	1.447333	1.456333	1.342333	1.439333	1.411333	1.328333	1.477333	1.444333	1.467333	1.483333	1.498333	1.474333	1.441333	1.476333	1.538333	1.495333	1.472333
10	1.404333	1.501333	1.505333	1.454333	1.449333	1.471333	1.361333	1.455333	1.421333	1.351333	1.488333	1.463333	1.484333	1.495333	1.511333	1.488333	1.452333	1.488333	1.544333	1.507333	1.486333
10.16667	1.425	1.517	1.506	1.47	1.46	1.482	1.373	1.463	1.441	1.359	1.5	1.471	1.496	1.51	1.524	1.5	1.467	1.502	1.563	1.518	1.497
10.33333	1.441333	1.529333	1.508333	1.481333	1.463333	1.494333	1.391333	1.479333	1.439333	1.390333	1.513333	1.486333	1.510333	1.521333	1.534333	1.520333	1.480333	1.510333	1.571333	1.531333	1.509333
10.5	1.463	1.541	1.517	1.489	1.47	1.503	1.399	1.489	1.451	1.415	1.528	1.495	1.516	1.533	1.546	1.535	1.486	1.523	1.586	1.545	1.519
10.66667	1.475333	1.549333	1.531333	1.496333	1.482333	1.516333	1.417333	1.500333	1.461333	1.421333	1.538333	1.512333	1.529333	1.545333	1.559333	1.542333	1.498333	1.534333	1.594333	1.557333	1.531333
10.83333	1.492333	1.558333	1.542333	1.511333	1.488333	1.522333	1.430333	1.509333	1.469333	1.431333	1.548333	1.518333	1.538333	1.556333	1.568333	1.552333	1.513333	1.549333	1.602333	1.566333	1.543333
11	1.503	1.568	1.542	1.526	1.497	1.526	1.445	1.521	1.48	1.452	1.558	1.532	1.548	1.564	1.578	1.563	1.529	1.563	1.61	1.577	1.555
11.16667	1.516333	1.573333	1.552333	1.528333	1.510333	1.532333	1.454333	1.535333	1.491333	1.458333	1.568333	1.539333	1.554333	1.576333	1.587333	1.570333	1.537333	1.570333	1.618333	1.586333	1.563333
11.33333	1.530333	1.580333	1.563333	1.537333	1.520333	1.537333	1.466333	1.542333	1.501333	1.484333	1.574333	1.554333	1.565333	1.582333	1.595333	1.580333	1.547333	1.578333	1.626333	1.595333	1.574333
11.5	1.542	1.588	1.569	1.541	1.528	1.542	1.473	1.546	1.512	1.492	1.584	1.566	1.57	1.592	1.605	1.588	1.556	1.589	1.633	1.604	1.583
11.66667	1.551	1.595	1.583	1.55	1.532	1.544	1.489	1.55	1.518	1.502	1.591	1.574	1.576	1.601	1.615	1.598	1.563	1.596	1.641	1.614	1.589
11.83333	1.560333	1.605333	1.587333	1.551333	1.533333	1.547333	1.499333	1.567333	1.525333	1.526333	1.596333	1.583333	1.583333	1.607333	1.622333	1.607333	1.578333	1.603333	1.647333	1.622333	1.598333
12	1.57	1.614	1.592	1.555	1.527	1.55	1.507	1.572	1.536	1.518	1.603	1.589	1.588	1.614	1.63	1.614	1.585	1.61	1.657	1.628	1.604
12.16667	1.58	1.623	1.594	1.557	1.527	1.553	1.518	1.576	1.534	1.535	1.607	1.593	1.594	1.621	1.638	1.618	1.599	1.621	1.662	1.637	1.614
12.33333	1.586333	1.629333	1.599333	1.555333	1.526333	1.555333	1.525333	1.581333	1.535333	1.547333	1.614333	1.605333	1.600333	1.626333	1.645333	1.624333	1.605333	1.626333	1.667333	1.645333	1.621333
12.5	1.597	1.636	1.603	1.555	1.525	1.555	1.536	1.593	1.534	1.571	1.619	1.607	1.607	1.628	1.649	1.634	1.613	1.633	1.673	1.654	1.627
12.66667	1.601	1.641	1.609	1.556	1.524	1.554	1.536	1.593	1.543	1.572	1.624	1.613	1.611	1.633	1.658	1.634	1.622	1.643	1.679	1.661	1.636
12.83333	1.61	1.646	1.611	1.555	1.52	1.552	1.54	1.591	1.541	1.586	1.627	1.621	1.614	1.639	1.66	1.64	1.627	1.646	1.684	1.665	1.643
13	1.618667	1.650667	1.616667	1.559667	1.518667	1.552667	1.553667	1.596667	1.547667	1.599667	1.632667	1.628667	1.616667	1.646667	1.663667	1.645667	1.636667	1.654667	1.685667	1.668667	1.648667
13.16667	1.632	1.655	1.617	1.564	1.52	1.553	1.551	1.603	1.557	1.611	1.637	1.629	1.619	1.648	1.669	1.652	1.643	1.657	1.69	1.671	1.653
13.33333	1.636	1.658	1.623	1.565	1.518	1.553	1.559	1.608	1.554	1.616	1.638	1.635	1.624	1.647	1.676	1.656	1.647	1.661	1.696	1.672	1.656
13.5	1.649	1.657	1.626	1.563	1.517	1.554	1.561	1.607	1.556	1.63	1.643	1.639	1.627	1.65	1.679	1.661	1.653	1.666	1.7	1.678	1.662
13.66667	1.659	1.658	1.63	1.563	1.517	1.555	1.568	1.606	1.556	1.637	1.647	1.638	1.628	1.653	1.683	1.664	1.659	1.669	1.699	1.682	1.669
13.83333	1.666	1.666	1.633	1.562	1.52	1.554	1.576	1.61	1.558	1.647	1.647	1.637	1.63	1.655	1.685	1.67	1.665	1.671	1.701	1.685	1.669
14	1.674333	1.670333	1.635333	1.565333	1.520333	1.558333	1.583333	1.612333	1.558333	1.659333	1.646333	1.637333	1.632333	1.657333	1.687333	1.671333	1.672333	1.673333	1.701333	1.690333	1.671333
14.16667	1.681333	1.671333	1.638333	1.567333	1.526333	1.558333	1.587333	1.612333	1.562333	1.671333	1.645333	1.637333	1.631333	1.658333	1.690333	1.674333	1.679333	1.679333	1.703333	1.689333	1.676333
14.33333	1.69	1.673	1.642	1.569	1.527	1.561	1.591	1.614	1.562	1.68	1.646	1.636	1.63	1.659	1.69	1.677	1.683	1.68	1.705	1.689	1.682
14.5	1.697667	1.671667	1.642667	1.568667	1.531667	1.564667	1.594667	1.615667	1.561667	1.683667	1.649667	1.637667	1.630667	1.657667	1.690667	1.682667	1.688667	1.677667	1.702667	1.689667	1.682667
14.66667	1.701	1.675	1.647	1.571	1.537	1.566	1.601	1.614	1.569	1.693	1.649	1.637	1.628	1.659	1.691	1.686	1.692	1.682	1.704	1.689	1.683
14.83333	1.715	1.676	1.647	1.574	1.536	1.569	1.606	1.615	1.567	1.699	1.647	1.634	1.625	1.655	1.691	1.685	1.694	1.678	1.701	1.691	1.692
15	1.721	1.676	1.65	1.575	1.54	1.572	1.61	1.616	1.573	1.704	1.645	1.63	1.624	1.652	1.69	1.689	1.697	1.68	1.695	1.688	1.693
15.16667	1.724667	1.678667	1.652667	1.577667	1.543667	1.570667	1.615667	1.615667	1.575667	1.710667	1.644667	1.632667	1.619667	1.650667	1.688667	1.685667	1.698667	1.670667	1.692667	1.684667	1.697667
15.33333	1.732	1.678	1.655	1.579	1.548	1.571	1.62	1.617	1.577	1.72	1.641	1.626	1.617	1.646	1.687	1.687	1.697	1.668	1.689	1.683	1.697
15.5	1.738	1.677	1.66	1.579	1.551	1.573	1.625	1.618	1.58	1.726	1.639	1.618	1.612	1.643	1.685	1.681	1.697	1.662	1.682	1.679	1.693
15.66667	1.744	1.677	1.661	1.581	1.551	1.571	1.628	1.616	1.58	1.729	1.636	1.613	1.608	1.638	1.68	1.676	1.693	1.655	1.679	1.676	1.691
15.83333	1.749	1.676	1.662	1.582	1.554	1.57	1.632	1.615	1.584	1.734	1.633	1.612	1.605	1.635	1.676	1.678	1.692	1.65	1.674	1.67	1.691
16	1.754667	1.674667	1.663667	1.578667	1.555667	1.568667	1.638667	1.616667	1.585667	1.738667	1.626667	1.602667	1.598667	1.631667	1.671667	1.672667	1.690667	1.645667	1.664667	1.662667	1.682667
16.16667	1.76	1.674	1.665	1.58	1.557	1.568	1.638	1.611	1.588	1.744	1.624	1.596	1.594	1.628	1.666	1.672	1.688	1.641	1.658	1.663	1.679
16.33333	1.757667	1.672667	1.665667	1.580667	1.555667	1.562667	1.638667	1.610667	1.589667	1.746667	1.617667	1.587667	1.590667	1.620667	1.659667	1.660667	1.682667	1.635667	1.651667	1.658667	1.674667
16.5	1.760667	1.670667	1.665667	1.578667	1.556667	1.561667	1.643667	1.610667	1.589667	1.748667	1.611667	1.583667	1.586667	1.617667	1.652667	1.657667	1.680667	1.629667	1.645667	1.654667	1.668667
16.66667	1.765333	1.668333	1.665333	1.580333	1.553333	1.558333	1.648333	1.608333	1.589333	1.752333	1.606333	1.571333	1.580333	1.611333	1.646333	1.651333	1.676333	1.621333	1.636333	1.647333	1.660333
16.83333	1.764667	1.665667	1.665667	1.578667	1.550667	1.555667	1.648667	1.605667	1.588667	1.754667	1.602667	1.560667	1.575667	1.606667	1.640667	1.642667	1.672667	1.614667	1.630667	1.642667	1.654667
17	1.765333	1.661333	1.665333	1.578333	1.554333	1.555333	1.651333	1.603333	1.589333	1.755333	1.597333	1.558333	1.571333	1.602333	1.634333	1.635333	1.666333	1.606333	1.624333	1.637333	1.648333
17.16667	1.764667	1.657667	1.664667	1.578667	1.549667	1.553667	1.653667	1.599667	1.588667	1.755667	1.592667	1.546667	1.563667	1.596667	1.627667	1.630667	1.661667	1.599667	1.615667	1.632667	1.641667
17.33333	1.773	1.655	1.665	1.576	1.552	1.551	1.656	1.595	1.589	1.757	1.586	1.539	1.56	1.592	1.62	1.621	1.656	1.592	1.61	1.627	1.636
17.5	1.773667	1.649667	1.662667	1.573667	1.546667	1.549667	1.655667	1.593667	1.589667	1.756667	1.579667	1.534667	1.553667	1.583667	1.614667	1.615667	1.648667	1.584667	1.602667	1.621667	1.628667
17.66667	1.776333	1.646333	1.664333	1.574333	1.547333	1.546333	1.658333	1.588333	1.588333	1.756333	1.575333	1.526333	1.547333	1.579333	1.606333	1.601333	1.642333	1.578333	1.594333	1.612333	1.622333
17.83333	1.776667	1.641667	1.664667	1.573667	1.543667	1.543667	1.660667	1.584667	1.587667	1.754667	1.568667	1.522667	1.542667	1.571667	1.599667	1.597667	1.634667	1.568667	1.586667	1.608667	1.615667
18	1.777667	1.636667	1.664667	1.569667	1.541667	1.540667	1.661667	1.579667	1.585667	1.755667	1.564667	1.518667	1.536667	1.567667	1.593667	1.592667	1.629667	1.560667	1.579667	1.603667	1.608667
18.16667	1.775667	1.631667	1.661667	1.566667	1.539667	1.536667	1.662667	1.575667	1.581667	1.753667	1.557667	1.512667	1.533667	1.560667	1.586667	1.583667	1.626667	1.556667	1.574667	1.596667	1.602667
18.33333	1.779667	1.625667	1.659667	1.562667	1.537667	1.530667	1.663667	1.569667	1.582667	1.751667	1.552667	1.501667	1.529667	1.555667	1.578667	1.577667	1.620667	1.545667	1.565667	1.589667	1.593667
18.5	1.778667	1.620667	1.658667	1.560667	1.534667	1.526667	1.664667	1.566667	1.581667	1.748667	1.547667	1.492667	1.523667	1.551667	1.572667	1.569667	1.611667	1.537667	1.557667	1.583667	1.587667
18.66667	1.778	1.613	1.656	1.558	1.533	1.524	1.664	1.56	1.579	1.746	1.542	1.485	1.52	1.546	1.566	1.563	1.606	1.53	1.55	1.579	1.58
18.83333	1.775667	1.606667	1.652667	1.556667	1.526667	1.519667	1.664667	1.552667	1.577667	1.742667	1.534667	1.475667	1.511667	1.538667	1.560667	1.551667	1.598667	1.519667	1.542667	1.572667	1.573667
19	1.775	1.601	1.65	1.557	1.524	1.518	1.664	1.547	1.578	1.74	1.53	1.469	1.509	1.535	1.555	1.546	1.593	1.513	1.537	1.567	1.568
19.16667	1.773667	1.595667	1.646667	1.553667	1.522667	1.513667	1.664667	1.540667	1.573667	1.738667	1.523667	1.460667	1.503667	1.529667	1.548667	1.539667	1.586667	1.504667	1.529667	1.561667	1.560667
19.33333	1.769667	1.589667	1.642667	1.550667	1.517667	1.510667	1.663667	1.537667	1.573667	1.732667	1.516667	1.450667	1.499667	1.523667	1.544667	1.536667	1.579667	1.498667	1.525667	1.556667	1.552667
19.5	1.772333	1.584333	1.639333	1.546333	1.517333	1.505333	1.663333	1.533333	1.567333	1.732333	1.507333	1.438333	1.495333	1.518333	1.535333	1.528333	1.571333	1.488333	1.514333	1.551333	1.547333
19.66667	1.767667	1.577667	1.636667	1.545667	1.514667	1.502667	1.656667	1.529667	1.561667	1.728667	1.500667	1.433667	1.487667	1.512667	1.530667	1.523667	1.571667	1.480667	1.510667	1.545667	1.541667
19.83333	1.768667	1.571667	1.631667	1.541667	1.514667	1.495667	1.653667	1.521667	1.556667	1.726667	1.495667	1.426667	1.486667	1.505667	1.524667	1.514667	1.566667	1.469667	1.503667	1.539667	1.534667
20	1.768333	1.566333	1.628333	1.541333	1.511333	1.492333	1.652333	1.518333	1.553333	1.717333	1.485333	1.420333	1.478333	1.501333	1.517333	1.509333	1.556333	1.461333	1.496333	1.535333	1.530333
20.16667	1.773	1.557	1.624	1.539	1.511	1.486	1.65	1.511	1.551	1.712	1.482	1.412	1.473	1.493	1.51	1.5	1.555	1.455	1.49	1.53	1.523
20.33333	1.768667	1.550667	1.619667	1.535667	1.506667	1.480667	1.648667	1.504667	1.549667	1.707667	1.473667	1.412667	1.470667	1.486667	1.505667	1.491667	1.544667	1.447667	1.483667	1.523667	1.517667
20.5	1.765333	1.544333	1.615333	1.533333	1.503333	1.475333	1.650333	1.499333	1.551333	1.704333	1.466333	1.406333	1.462333	1.481333	1.501333	1.485333	1.537333	1.438333	1.475333	1.517333	1.511333
20.66667	1.760667	1.531667	1.611667	1.528667	1.499667	1.469667	1.644667	1.487667	1.548667	1.699667	1.460667	1.394667	1.458667	1.473667	1.492667	1.482667	1.530667	1.425667	1.465667	1.510667	1.505667
20.83333	1.762	1.534	1.606	1.526	1.497	1.466	1.644	1.483	1.548	1.697	1.453	1.389	1.456	1.468	1.487	1.478	1.523	1.418	1.463	1.506	1.5
21	1.762333	1.527333	1.601333	1.521333	1.494333	1.461333	1.642333	1.476333	1.534333	1.690333	1.446333	1.387333	1.452333	1.462333	1.478333	1.467333	1.517333	1.413333	1.455333	1.498333	1.494333
21.16667	1.761333	1.521333	1.597333	1.518333	1.491333	1.458333	1.636333	1.470333	1.530333	1.685333	1.437333	1.378333	1.447333	1.455333	1.472333	1.461333	1.510333	1.402333	1.448333	1.490333	1.489333
21.33333	1.757	1.517	1.592	1.516	1.489	1.458	1.634	1.463	1.532	1.679	1.431	1.376	1.449	1.451	1.467	1.462	1.506	1.394	1.444	1.486	1.484
21.5	1.754667	1.508667	1.586667	1.512667	1.484667	1.451667	1.629667	1.450667	1.528667	1.673667	1.423667	1.368667	1.443667	1.443667	1.460667	1.456667	1.499667	1.382667	1.432667	1.481667	1.477667
21.66667	1.744667	1.500667	1.581667	1.509667	1.480667	1.447667	1.626667	1.444667	1.521667	1.671667	1.413667	1.368667	1.440667	1.437667	1.451667	1.453667	1.491667	1.376667	1.424667	1.473667	1.471667
21.83333	1.744333	1.491333	1.576333	1.505333	1.478333	1.440333	1.626333	1.434333	1.517333	1.664333	1.408333	1.360333	1.438333	1.429333	1.445333	1.443333	1.484333	1.369333	1.419333	1.466333	1.468333
22	1.746667	1.484667	1.570667	1.500667	1.474667	1.435667	1.625667	1.435667	1.520667	1.659667	1.401667	1.367667	1.436667	1.424667	1.438667	1.440667	1.478667	1.370667	1.413667	1.459667	1.461667
22.16667	1.744667	1.479667	1.564667	1.498667	1.470667	1.430667	1.622667	1.429667	1.525667	1.657667	1.394667	1.348667	1.436667	1.419667	1.436667	1.435667	1.476667	1.369667	1.407667	1.454667	1.454667
22.33333	1.740333	1.473333	1.557333	1.495333	1.464333	1.424333	1.620333	1.420333	1.519333	1.651333	1.389333	1.356333	1.434333	1.415333	1.428333	1.430333	1.469333	1.359333	1.398333	1.448333	1.453333
22.5	1.729667	1.468667	1.549667	1.493667	1.459667	1.417667	1.616667	1.413667	1.512667	1.646667	1.382667	1.353667	1.434667	1.408667	1.423667	1.427667	1.463667	1.362667	1.393667	1.441667	1.446667